NRU
compilador
8
2536
488
16
12495
10570
32
24192
20463
compressor
8
255
0
16
209
0
32
172
0
matriz
8
2239
191
16
8486
7371
32
23837
22498
simulador
8
3761
1713
16
14233
12536
32
24667
22724
LRU
compilador
8
2391
263
16
2215
489
32
3204
766
compressor
8
255
0
16
209
0
32
172
0
matriz
8
2214
74
16
2011
452
32
1950
636
simulador
8
3405
997
16
3155
1316
32
2997
1357
NOVO
compilador
8
2380
128
16
1968
414
32
1974
537
compressor
8
255
0
16
209
0
32
172
0
matriz
8
2205
63
16
1868
390
32
1606
484
simulador
8
3371
722
16
2872
1087
32
2334
1111
